-0.5257311121191336 0.0 0.8506508083520399
-0.30901699437494745 0.5000000000000001 0.8090169943749475
0.0 0.0 1.0
0.0 0.8506508083520399 0.5257311121191336
0.30901699437494745 0.5000000000000001 0.8090169943749475
0.5257311121191336 0.0 0.8506508083520399
-0.8090169943749475 0.30901699437494745 0.5000000000000001
-0.8506508083520399 0.5257311121191336 0.0
-0.5000000000000001 0.8090169943749475 0.30901699437494745
-0.5000000000000001 0.8090169943749475 -0.30901699437494745
0.0 0.8506508083520399 -0.5257311121191336
0.0 1.0 0.0
0.5000000000000001 0.8090169943749475 0.30901699437494745
0.5000000000000001 0.8090169943749475 -0.30901699437494745
0.8506508083520399 0.5257311121191336 0.0
0.8090169943749475 0.30901699437494745 0.5000000000000001
1.0 0.0 0.0
0.8506508083520399 -0.5257311121191336 0.0
0.8090169943749475 -0.30901699437494745 0.5000000000000001
0.8090169943749475 0.30901699437494745 -0.5000000000000001
0.5257311121191336 0.0 -0.8506508083520399
0.8090169943749475 -0.30901699437494745 -0.5000000000000001
0.30901699437494745 0.5000000000000001 -0.8090169943749475
-0.30901699437494745 0.5000000000000001 -0.8090169943749475
-0.5257311121191336 0.0 -0.8506508083520399
0.0 0.0 -1.0
-0.30901699437494745 -0.5000000000000001 -0.8090169943749475
0.0 -0.8506508083520399 -0.5257311121191336
0.30901699437494745 -0.5000000000000001 -0.8090169943749475
0.5000000000000001 -0.8090169943749475 -0.30901699437494745
0.0 -1.0 0.0
0.0 -0.8506508083520399 0.5257311121191336
0.5000000000000001 -0.8090169943749475 0.30901699437494745
-0.5000000000000001 -0.8090169943749475 -0.30901699437494745
-0.8506508083520399 -0.5257311121191336 0.0
-0.5000000000000001 -0.8090169943749475 0.30901699437494745
-0.8090169943749475 -0.30901699437494745 0.5000000000000001
-0.30901699437494745 -0.5000000000000001 0.8090169943749475
0.30901699437494745 -0.5000000000000001 0.8090169943749475
-1.0 0.0 0.0
-0.8090169943749475 0.30901699437494745 -0.5000000000000001
-0.8090169943749475 -0.30901699437494745 -0.5000000000000001
