-0.5257311121191336 0.0 0.8506508083520399
-0.4338885645526948 0.25989191300775444 0.8626684804161862
-0.2732665289126717 0.0 0.9619383577839176
-0.30901699437494745 0.5000000000000001 0.8090169943749475
-0.16245984811645317 0.26286555605956685 0.9510565162951536
0.0 0.0 1.0
0.0 0.8506508083520399 0.5257311121191336
0.16062203564002314 0.702046444776163 0.6937804775604491
-0.16062203564002314 0.702046444776163 0.6937804775604491
0.30901699437494745 0.5000000000000001 0.8090169943749475
0.0 0.5257311121191337 0.8506508083520399
0.5257311121191336 0.0 0.8506508083520399
0.2732665289126717 0.0 0.9619383577839176
0.4338885645526948 0.25989191300775444 0.8626684804161862
0.16245984811645317 0.26286555605956685 0.9510565162951536
-0.6937804775604491 0.16062203564002314 0.702046444776163
-0.8090169943749475 0.30901699437494745 0.5000000000000001
-0.5877852522924731 0.42532540417602 0.6881909602355867
-0.8506508083520399 0.5257311121191336 0.0
-0.7020464447761631 0.6937804775604492 0.16062203564002317
-0.8626684804161862 0.4338885645526948 0.25989191300775444
-0.5000000000000001 0.8090169943749475 0.30901699437494745
-0.6881909602355867 0.5877852522924731 0.42532540417602
-0.25989191300775444 0.8626684804161862 0.4338885645526948
-0.42532540417602005 0.6881909602355868 0.5877852522924731
-0.7020464447761631 0.6937804775604492 -0.16062203564002317
-0.5000000000000001 0.8090169943749475 -0.30901699437494745
-0.5257311121191337 0.8506508083520399 0.0
0.0 0.8506508083520399 -0.5257311121191336
0.0 0.9619383577839176 -0.2732665289126717
-0.25989191300775444 0.8626684804161862 -0.4338885645526948
0.0 1.0 0.0
-0.26286555605956685 0.9510565162951536 -0.16245984811645317
0.0 0.9619383577839176 0.2732665289126717
-0.26286555605956685 0.9510565162951536 0.16245984811645317
0.25989191300775444 0.8626684804161862 0.4338885645526948
0.26286555605956685 0.9510565162951536 0.16245984811645317
0.5000000000000001 0.8090169943749475 0.30901699437494745
0.25989191300775444 0.8626684804161862 -0.4338885645526948
0.5000000000000001 0.8090169943749475 -0.30901699437494745
0.26286555605956685 0.9510565162951536 -0.16245984811645317
0.8506508083520399 0.5257311121191336 0.0
0.7020464447761631 0.6937804775604492 0.16062203564002317
0.7020464447761631 0.6937804775604492 -0.16062203564002317
0.5257311121191337 0.8506508083520399 0.0
0.42532540417602005 0.6881909602355868 0.5877852522924731
0.8626684804161862 0.4338885645526948 0.25989191300775444
0.8090169943749475 0.30901699437494745 0.5000000000000001
0.6881909602355867 0.5877852522924731 0.42532540417602
0.6937804775604491 0.16062203564002314 0.702046444776163
0.5877852522924731 0.42532540417602 0.6881909602355867
0.9619383577839176 0.2732665289126717 0.0
1.0 0.0 0.0
0.9510565162951536 0.16245984811645317 0.26286555605956685
0.8506508083520399 -0.5257311121191336 0.0
0.8626684804161862 -0.4338885645526948 0.25989191300775444
0.9619383577839176 -0.2732665289126717 0.0
0.8090169943749475 -0.30901699437494745 0.5000000000000001
0.9510565162951536 -0.16245984811645317 0.26286555605956685
0.6937804775604491 -0.16062203564002314 0.702046444776163
0.8506508083520399 0.0 0.5257311121191337
0.8626684804161862 0.4338885645526948 -0.25989191300775444
0.8090169943749475 0.30901699437494745 -0.5000000000000001
0.9510565162951536 0.16245984811645317 -0.26286555605956685
0.5257311121191336 0.0 -0.8506508083520399
0.6937804775604491 -0.16062203564002314 -0.702046444776163
0.6937804775604491 0.16062203564002314 -0.702046444776163
0.8090169943749475 -0.30901699437494745 -0.5000000000000001
0.8506508083520399 0.0 -0.5257311121191337
0.8626684804161862 -0.4338885645526948 -0.25989191300775444
0.9510565162951536 -0.16245984811645317 -0.26286555605956685
0.16062203564002314 0.702046444776163 -0.6937804775604491
0.30901699437494745 0.5000000000000001 -0.8090169943749475
0.42532540417602005 0.6881909602355868 -0.5877852522924731
0.4338885645526948 0.25989191300775444 -0.8626684804161862
0.5877852522924731 0.42532540417602 -0.6881909602355867
0.6881909602355867 0.5877852522924731 -0.42532540417602
-0.16062203564002314 0.702046444776163 -0.6937804775604491
-0.30901699437494745 0.5000000000000001 -0.8090169943749475
0.0 0.5257311121191337 -0.8506508083520399
-0.5257311121191336 0.0 -0.8506508083520399
-0.2732665289126717 0.0 -0.9619383577839176
-0.4338885645526948 0.25989191300775444 -0.8626684804161862
0.0 0.0 -1.0
-0.16245984811645317 0.26286555605956685 -0.9510565162951536
0.2732665289126717 0.0 -0.9619383577839176
0.16245984811645317 0.26286555605956685 -0.9510565162951536
-0.4338885645526948 -0.25989191300775444 -0.8626684804161862
-0.30901699437494745 -0.5000000000000001 -0.8090169943749475
-0.16245984811645317 -0.26286555605956685 -0.9510565162951536
0.0 -0.8506508083520399 -0.5257311121191336
0.16062203564002314 -0.702046444776163 -0.6937804775604491
-0.16062203564002314 -0.702046444776163 -0.6937804775604491
0.30901699437494745 -0.5000000000000001 -0.8090169943749475
0.0 -0.5257311121191337 -0.8506508083520399
0.4338885645526948 -0.25989191300775444 -0.8626684804161862
0.16245984811645317 -0.26286555605956685 -0.9510565162951536
0.25989191300775444 -0.8626684804161862 -0.4338885645526948
0.5000000000000001 -0.8090169943749475 -0.30901699437494745
0.42532540417602005 -0.6881909602355868 -0.5877852522924731
0.7020464447761631 -0.6937804775604492 -0.16062203564002317
0.6881909602355867 -0.5877852522924731 -0.42532540417602
0.5877852522924731 -0.42532540417602 -0.6881909602355867
0.0 -0.9619383577839176 -0.2732665289126717
0.0 -1.0 0.0
0.26286555605956685 -0.9510565162951536 -0.16245984811645317
0.0 -0.8506508083520399 0.5257311121191336
0.25989191300775444 -0.8626684804161862 0.4338885645526948
0.0 -0.9619383577839176 0.2732665289126717
0.5000000000000001 -0.8090169943749475 0.30901699437494745
0.26286555605956685 -0.9510565162951536 0.16245984811645317
0.7020464447761631 -0.6937804775604492 0.16062203564002317
0.5257311121191337 -0.8506508083520399 0.0
-0.25989191300775444 -0.8626684804161862 -0.4338885645526948
-0.5000000000000001 -0.8090169943749475 -0.30901699437494745
-0.26286555605956685 -0.9510565162951536 -0.16245984811645317
-0.8506508083520399 -0.5257311121191336 0.0
-0.7020464447761631 -0.6937804775604492 0.16062203564002317
-0.7020464447761631 -0.6937804775604492 -0.16062203564002317
-0.5000000000000001 -0.8090169943749475 0.30901699437494745
-0.5257311121191337 -0.8506508083520399 0.0
-0.25989191300775444 -0.8626684804161862 0.4338885645526948
-0.26286555605956685 -0.9510565162951536 0.16245984811645317
-0.8626684804161862 -0.4338885645526948 0.25989191300775444
-0.8090169943749475 -0.30901699437494745 0.5000000000000001
-0.6881909602355867 -0.5877852522924731 0.42532540417602
-0.4338885645526948 -0.25989191300775444 0.8626684804161862
-0.6937804775604491 -0.16062203564002314 0.702046444776163
-0.30901699437494745 -0.5000000000000001 0.8090169943749475
-0.5877852522924731 -0.42532540417602 0.6881909602355867
-0.16062203564002314 -0.702046444776163 0.6937804775604491
-0.42532540417602005 -0.6881909602355868 0.5877852522924731
-0.16245984811645317 -0.26286555605956685 0.9510565162951536
0.4338885645526948 -0.25989191300775444 0.8626684804161862
0.30901699437494745 -0.5000000000000001 0.8090169943749475
0.16245984811645317 -0.26286555605956685 0.9510565162951536
0.16062203564002314 -0.702046444776163 0.6937804775604491
0.0 -0.5257311121191337 0.8506508083520399
0.42532540417602005 -0.6881909602355868 0.5877852522924731
0.5877852522924731 -0.42532540417602 0.6881909602355867
0.6881909602355867 -0.5877852522924731 0.42532540417602
-0.9619383577839176 0.2732665289126717 0.0
-0.9510565162951536 0.16245984811645317 0.26286555605956685
-1.0 0.0 0.0
-0.8506508083520399 0.0 0.5257311121191337
-0.9619383577839176 -0.2732665289126717 0.0
-0.9510565162951536 -0.16245984811645317 0.26286555605956685
-0.8626684804161862 0.4338885645526948 -0.25989191300775444
-0.9510565162951536 0.16245984811645317 -0.26286555605956685
-0.8090169943749475 0.30901699437494745 -0.5000000000000001
-0.8626684804161862 -0.4338885645526948 -0.25989191300775444
-0.8090169943749475 -0.30901699437494745 -0.5000000000000001
-0.9510565162951536 -0.16245984811645317 -0.26286555605956685
-0.6937804775604491 0.16062203564002314 -0.702046444776163
-0.6937804775604491 -0.16062203564002314 -0.702046444776163
-0.8506508083520399 0.0 -0.5257311121191337
-0.6881909602355867 0.5877852522924731 -0.42532540417602
-0.5877852522924731 0.42532540417602 -0.6881909602355867
-0.42532540417602005 0.6881909602355868 -0.5877852522924731
-0.42532540417602005 -0.6881909602355868 -0.5877852522924731
-0.5877852522924731 -0.42532540417602 -0.6881909602355867
-0.6881909602355867 -0.5877852522924731 -0.42532540417602
