-0.5257311121191336 0.0 0.8506508083520399
-0.48444164206066787 0.13120037881301286 0.8649293358632748
-0.4033553486173644 0.0 0.9150434212329841
-0.4338885645526948 0.25989191300775444 0.8626684804161862
-0.35822879348657893 0.13165537135206462 0.924304600611346
-0.2732665289126717 0.0 0.9619383577839176
-0.30901699437494745 0.5000000000000001 0.8090169943749475
-0.2386769303195932 0.38618738558759214 0.8910065241883679
-0.3750385674782097 0.38361373268504784 0.8439114746223901
-0.16245984811645317 0.26286555605956685 0.9510565162951536
-0.30125887909323207 0.2640827506590656 0.9162441751912157
0.0 0.0 1.0
-0.1379522421276337 0.0 0.9904388819568619
-0.0822424652793623 0.13307110414059134 0.9876883405951378
-0.2201170274732924 0.13279247682790246 0.9663925974024391
0.0 0.8506508083520399 0.5257311121191336
0.08108629344330354 0.7838430424199713 0.6156420208736807
-0.08108629344330354 0.7838430424199713 0.6156420208736807
0.16062203564002314 0.702046444776163 0.6937804775604491
0.0 0.7112817349622162 0.7029070304877733
-0.16062203564002314 0.702046444776163 0.6937804775604491
0.30901699437494745 0.5000000000000001 0.8090169943749475
0.15643446504023087 0.5192584897281836 0.8401778853271388
0.23708632535057597 0.6068251492718142 0.7586523001632574
0.0 0.5257311121191337 0.8506508083520399
0.08114185161993964 0.620239582613447 0.7802043707101266
-0.23708632535057597 0.6068251492718142 0.7586523001632574
-0.15643446504023087 0.5192584897281836 0.8401778853271388
-0.08114185161993964 0.620239582613447 0.7802043707101266
0.5257311121191336 0.0 0.8506508083520399
0.4033553486173644 0.0 0.9150434212329841
0.48444164206066787 0.13120037881301286 0.8649293358632748
0.2732665289126717 0.0 0.9619383577839176
0.35822879348657893 0.13165537135206462 0.924304600611346
0.4338885645526948 0.25989191300775444 0.8626684804161862
0.0822424652793623 0.13307110414059134 0.9876883405951378
0.1379522421276337 0.0 0.9904388819568619
0.16245984811645317 0.26286555605956685 0.9510565162951536
0.2201170274732924 0.13279247682790246 0.9663925974024391
0.3750385674782097 0.38361373268504784 0.8439114746223901
0.2386769303195932 0.38618738558759214 0.8910065241883679
0.30125887909323207 0.2640827506590656 0.9162441751912157
-0.08232358003196016 0.3996070517018512 0.912982492932299
0.08232358003196016 0.3996070517018512 0.912982492932299
0.0 0.26640470113456743 0.9638612634676226
-0.6156420208736807 0.08108629344330354 0.7838430424199713
-0.6937804775604491 0.16062203564002314 0.702046444776163
-0.5712516591357086 0.21302286564912978 0.7926492292592814
-0.8090169943749475 0.30901699437494745 0.5000000000000001
-0.7071067811865475 0.37174803446018445 0.6015009550075456
-0.7586523001632574 0.23708632535057597 0.6068251492718142
-0.5877852522924731 0.42532540417602 0.6881909602355867
-0.6474118938822241 0.2960045925777687 0.7023098467433736
-0.4539904997395468 0.46842985086695443 0.7579354200477765
-0.5161216200510611 0.3461530147889921 0.7834516983633132
-0.8506508083520399 0.5257311121191336 0.0
-0.7838430424199713 0.6156420208736806 0.08108629344330354
-0.8649293358632748 0.48444164206066787 0.13120037881301286
-0.7020464447761631 0.6937804775604492 0.16062203564002317
-0.7926492292592815 0.5712516591357087 0.21302286564912976
-0.8626684804161862 0.4338885645526948 0.25989191300775444
-0.5000000000000001 0.8090169943749475 0.30901699437494745
-0.6015009550075456 0.7071067811865475 0.37174803446018445
-0.6068251492718142 0.7586523001632574 0.23708632535057597
-0.6881909602355867 0.5877852522924731 0.42532540417602
-0.7023098467433736 0.6474118938822241 0.2960045925777687
-0.8439114746223901 0.3750385674782097 0.38361373268504784
-0.7579354200477765 0.4539904997395468 0.46842985086695443
-0.7834516983633132 0.5161216200510611 0.3461530147889921
-0.13120037881301286 0.8649293358632748 0.48444164206066787
-0.21302286564912978 0.7926492292592814 0.5712516591357086
-0.25989191300775444 0.8626684804161862 0.4338885645526948
-0.3717480344601845 0.6015009550075457 0.7071067811865475
-0.42532540417602005 0.6881909602355868 0.5877852522924731
-0.2960045925777687 0.7023098467433736 0.647411893882224
-0.38361373268504784 0.8439114746223901 0.3750385674782097
-0.46842985086695443 0.7579354200477765 0.4539904997395468
-0.34615301478899213 0.7834516983633132 0.5161216200510611
-0.6465777917977317 0.513375441230448 0.5642542117657715
-0.5642542117657715 0.6465777917977317 0.5133754412304479
-0.513375441230448 0.5642542117657715 0.6465777917977317
-0.7838430424199713 0.6156420208736806 -0.08108629344330354
-0.7020464447761631 0.6937804775604492 -0.16062203564002317
-0.7112817349622162 0.7029070304877733 0.0
-0.5000000000000001 0.8090169943749475 -0.30901699437494745
-0.5192584897281836 0.8401778853271388 -0.15643446504023087
-0.6068251492718142 0.7586523001632574 -0.23708632535057597
-0.5257311121191337 0.8506508083520399 0.0
-0.620239582613447 0.7802043707101266 -0.08114185161993966
-0.5192584897281836 0.8401778853271388 0.15643446504023087
-0.620239582613447 0.7802043707101266 0.08114185161993966
0.0 0.8506508083520399 -0.5257311121191336
0.0 0.9150434212329841 -0.4033553486173644
-0.13120037881301286 0.8649293358632748 -0.48444164206066787
0.0 0.9619383577839176 -0.2732665289126717
-0.13165537135206462 0.924304600611346 -0.35822879348657893
-0.25989191300775444 0.8626684804161862 -0.4338885645526948
0.0 1.0 0.0
-0.13307110414059134 0.9876883405951378 -0.0822424652793623
0.0 0.9904388819568619 -0.1379522421276337
-0.26286555605956685 0.9510565162951536 -0.16245984811645317
-0.13279247682790246 0.9663925974024391 -0.2201170274732924
-0.38361373268504784 0.8439114746223901 -0.3750385674782097
-0.38618738558759214 0.8910065241883679 -0.2386769303195932
-0.2640827506590656 0.9162441751912157 -0.30125887909323207
0.0 0.9150434212329841 0.4033553486173644
-0.13165537135206462 0.924304600611346 0.35822879348657893
0.0 0.9619383577839176 0.2732665289126717
-0.38618738558759214 0.8910065241883679 0.2386769303195932
-0.26286555605956685 0.9510565162951536 0.16245984811645317
-0.2640827506590656 0.9162441751912157 0.30125887909323207
0.0 0.9904388819568619 0.1379522421276337
-0.13307110414059134 0.9876883405951378 0.0822424652793623
-0.13279247682790246 0.9663925974024391 0.2201170274732924
-0.3996070517018512 0.912982492932299 -0.08232358003196016
-0.26640470113456743 0.9638612634676226 0.0
-0.3996070517018512 0.912982492932299 0.08232358003196016
0.13120037881301286 0.8649293358632748 0.48444164206066787
0.13165537135206462 0.924304600611346 0.35822879348657893
0.25989191300775444 0.8626684804161862 0.4338885645526948
0.13307110414059134 0.9876883405951378 0.0822424652793623
0.26286555605956685 0.9510565162951536 0.16245984811645317
0.13279247682790246 0.9663925974024391 0.2201170274732924
0.5000000000000001 0.8090169943749475 0.30901699437494745
0.38361373268504784 0.8439114746223901 0.3750385674782097
0.38618738558759214 0.8910065241883679 0.2386769303195932
0.2640827506590656 0.9162441751912157 0.30125887909323207
0.13120037881301286 0.8649293358632748 -0.48444164206066787
0.25989191300775444 0.8626684804161862 -0.4338885645526948
0.13165537135206462 0.924304600611346 -0.35822879348657893
0.5000000000000001 0.8090169943749475 -0.30901699437494745
0.38618738558759214 0.8910065241883679 -0.2386769303195932
0.38361373268504784 0.8439114746223901 -0.3750385674782097
0.26286555605956685 0.9510565162951536 -0.16245984811645317
0.2640827506590656 0.9162441751912157 -0.30125887909323207
0.13307110414059134 0.9876883405951378 -0.0822424652793623
0.13279247682790246 0.9663925974024391 -0.2201170274732924
0.8506508083520399 0.5257311121191336 0.0
0.7838430424199713 0.6156420208736806 0.08108629344330354
0.7838430424199713 0.6156420208736806 -0.08108629344330354
0.7020464447761631 0.6937804775604492 0.16062203564002317
0.7112817349622162 0.7029070304877733 0.0
0.7020464447761631 0.6937804775604492 -0.16062203564002317
0.5192584897281836 0.8401778853271388 0.15643446504023087
0.6068251492718142 0.7586523001632574 0.23708632535057597
0.5257311121191337 0.8506508083520399 0.0
0.620239582613447 0.7802043707101266 0.08114185161993966
0.6068251492718142 0.7586523001632574 -0.23708632535057597
0.5192584897281836 0.8401778853271388 -0.15643446504023087
0.620239582613447 0.7802043707101266 -0.08114185161993966
0.26640470113456743 0.9638612634676226 0.0
0.3996070517018512 0.912982492932299 -0.08232358003196016
0.3996070517018512 0.912982492932299 0.08232358003196016
0.21302286564912978 0.7926492292592814 0.5712516591357086
0.46842985086695443 0.7579354200477765 0.4539904997395468
0.42532540417602005 0.6881909602355868 0.5877852522924731
0.34615301478899213 0.7834516983633132 0.5161216200510611
0.3717480344601845 0.6015009550075457 0.7071067811865475
0.2960045925777687 0.7023098467433736 0.647411893882224
0.8649293358632748 0.48444164206066787 0.13120037881301286
0.8626684804161862 0.4338885645526948 0.25989191300775444
0.7926492292592815 0.5712516591357087 0.21302286564912976
0.8090169943749475 0.30901699437494745 0.5000000000000001
0.7579354200477765 0.4539904997395468 0.46842985086695443
0.8439114746223901 0.3750385674782097 0.38361373268504784
0.6881909602355867 0.5877852522924731 0.42532540417602
0.7834516983633132 0.5161216200510611 0.3461530147889921
0.6015009550075456 0.7071067811865475 0.37174803446018445
0.7023098467433736 0.6474118938822241 0.2960045925777687
0.6156420208736807 0.08108629344330354 0.7838430424199713
0.5712516591357086 0.21302286564912978 0.7926492292592814
0.6937804775604491 0.16062203564002314 0.702046444776163
0.4539904997395468 0.46842985086695443 0.7579354200477765
0.5877852522924731 0.42532540417602 0.6881909602355867
0.5161216200510611 0.3461530147889921 0.7834516983633132
0.7586523001632574 0.23708632535057597 0.6068251492718142
0.7071067811865475 0.37174803446018445 0.6015009550075456
0.6474118938822241 0.2960045925777687 0.7023098467433736
0.5642542117657715 0.6465777917977317 0.5133754412304479
0.6465777917977317 0.513375441230448 0.5642542117657715
0.513375441230448 0.5642542117657715 0.6465777917977317
0.9150434212329841 0.4033553486173644 0.0
0.9619383577839176 0.2732665289126717 0.0
0.924304600611346 0.35822879348657893 0.13165537135206462
1.0 0.0 0.0
0.9876883405951378 0.0822424652793623 0.13307110414059134
0.9904388819568619 0.1379522421276337 0.0
0.9510565162951536 0.16245984811645317 0.26286555605956685
0.9663925974024391 0.2201170274732924 0.13279247682790246
0.8910065241883679 0.2386769303195932 0.38618738558759214
0.9162441751912157 0.30125887909323207 0.2640827506590656
0.8506508083520399 -0.5257311121191336 0.0
0.8649293358632748 -0.48444164206066787 0.13120037881301286
0.9150434212329841 -0.4033553486173644 0.0
0.8626684804161862 -0.4338885645526948 0.25989191300775444
0.924304600611346 -0.35822879348657893 0.13165537135206462
0.9619383577839176 -0.2732665289126717 0.0
0.8090169943749475 -0.30901699437494745 0.5000000000000001
0.8910065241883679 -0.2386769303195932 0.38618738558759214
0.8439114746223901 -0.3750385674782097 0.38361373268504784
0.9510565162951536 -0.16245984811645317 0.26286555605956685
0.9162441751912157 -0.30125887909323207 0.2640827506590656
0.9904388819568619 -0.1379522421276337 0.0
0.9876883405951378 -0.0822424652793623 0.13307110414059134
0.9663925974024391 -0.2201170274732924 0.13279247682790246
0.6156420208736807 -0.08108629344330354 0.7838430424199713
0.7029070304877733 0.0 0.7112817349622162
0.6937804775604491 -0.16062203564002314 0.702046444776163
0.8401778853271388 0.15643446504023087 0.5192584897281836
0.8506508083520399 0.0 0.5257311121191337
0.7802043707101266 0.08114185161993964 0.620239582613447
0.7586523001632574 -0.23708632535057597 0.6068251492718142
0.8401778853271388 -0.15643446504023087 0.5192584897281836
0.7802043707101266 -0.08114185161993964 0.620239582613447
0.9638612634676226 0.0 0.26640470113456743
0.912982492932299 -0.08232358003196016 0.3996070517018512
0.912982492932299 0.08232358003196016 0.3996070517018512
0.8649293358632748 0.48444164206066787 -0.13120037881301286
0.8626684804161862 0.4338885645526948 -0.25989191300775444
0.924304600611346 0.35822879348657893 -0.13165537135206462
0.8090169943749475 0.30901699437494745 -0.5000000000000001
0.8910065241883679 0.2386769303195932 -0.38618738558759214
0.8439114746223901 0.3750385674782097 -0.38361373268504784
0.9510565162951536 0.16245984811645317 -0.26286555605956685
0.9162441751912157 0.30125887909323207 -0.2640827506590656
0.9876883405951378 0.0822424652793623 -0.13307110414059134
0.9663925974024391 0.2201170274732924 -0.13279247682790246
0.5257311121191336 0.0 -0.8506508083520399
0.6156420208736807 -0.08108629344330354 -0.7838430424199713
0.6156420208736807 0.08108629344330354 -0.7838430424199713
0.6937804775604491 -0.16062203564002314 -0.702046444776163
0.7029070304877733 0.0 -0.7112817349622162
0.6937804775604491 0.16062203564002314 -0.702046444776163
0.8090169943749475 -0.30901699437494745 -0.5000000000000001
0.8401778853271388 -0.15643446504023087 -0.5192584897281836
0.7586523001632574 -0.23708632535057597 -0.6068251492718142
0.8506508083520399 0.0 -0.5257311121191337
0.7802043707101266 -0.08114185161993964 -0.620239582613447
0.7586523001632574 0.23708632535057597 -0.6068251492718142
0.8401778853271388 0.15643446504023087 -0.5192584897281836
0.7802043707101266 0.08114185161993964 -0.620239582613447
0.8649293358632748 -0.48444164206066787 -0.13120037881301286
0.924304600611346 -0.35822879348657893 -0.13165537135206462
0.8626684804161862 -0.4338885645526948 -0.25989191300775444
0.9876883405951378 -0.0822424652793623 -0.13307110414059134
0.9510565162951536 -0.16245984811645317 -0.26286555605956685
0.9663925974024391 -0.2201170274732924 -0.13279247682790246
0.8439114746223901 -0.3750385674782097 -0.38361373268504784
0.8910065241883679 -0.2386769303195932 -0.38618738558759214
0.9162441751912157 -0.30125887909323207 -0.2640827506590656
0.912982492932299 0.08232358003196016 -0.3996070517018512
0.912982492932299 -0.08232358003196016 -0.3996070517018512
0.9638612634676226 0.0 -0.26640470113456743
0.08108629344330354 0.7838430424199713 -0.6156420208736807
0.16062203564002314 0.702046444776163 -0.6937804775604491
0.21302286564912978 0.7926492292592814 -0.5712516591357086
0.30901699437494745 0.5000000000000001 -0.8090169943749475
0.3717480344601845 0.6015009550075457 -0.7071067811865475
0.23708632535057597 0.6068251492718142 -0.7586523001632574
0.42532540417602005 0.6881909602355868 -0.5877852522924731
0.2960045925777687 0.7023098467433736 -0.647411893882224
0.46842985086695443 0.7579354200477765 -0.4539904997395468
0.34615301478899213 0.7834516983633132 -0.5161216200510611
0.48444164206066787 0.13120037881301286 -0.8649293358632748
0.5712516591357086 0.21302286564912978 -0.7926492292592814
0.4338885645526948 0.25989191300775444 -0.8626684804161862
0.7071067811865475 0.37174803446018445 -0.6015009550075456
0.5877852522924731 0.42532540417602 -0.6881909602355867
0.6474118938822241 0.2960045925777687 -0.7023098467433736
0.3750385674782097 0.38361373268504784 -0.8439114746223901
0.4539904997395468 0.46842985086695443 -0.7579354200477765
0.5161216200510611 0.3461530147889921 -0.7834516983633132
0.7926492292592815 0.5712516591357087 -0.21302286564912976
0.6015009550075456 0.7071067811865475 -0.37174803446018445
0.6881909602355867 0.5877852522924731 -0.42532540417602
0.7023098467433736 0.6474118938822241 -0.2960045925777687
0.7579354200477765 0.4539904997395468 -0.46842985086695443
0.7834516983633132 0.5161216200510611 -0.3461530147889921
0.513375441230448 0.5642542117657715 -0.6465777917977317
0.6465777917977317 0.513375441230448 -0.5642542117657715
0.5642542117657715 0.6465777917977317 -0.5133754412304479
-0.08108629344330354 0.7838430424199713 -0.6156420208736807
-0.16062203564002314 0.702046444776163 -0.6937804775604491
0.0 0.7112817349622162 -0.7029070304877733
-0.30901699437494745 0.5000000000000001 -0.8090169943749475
-0.15643446504023087 0.5192584897281836 -0.8401778853271388
-0.23708632535057597 0.6068251492718142 -0.7586523001632574
0.0 0.5257311121191337 -0.8506508083520399
-0.08114185161993964 0.620239582613447 -0.7802043707101266
0.15643446504023087 0.5192584897281836 -0.8401778853271388
0.08114185161993964 0.620239582613447 -0.7802043707101266
-0.5257311121191336 0.0 -0.8506508083520399
-0.4033553486173644 0.0 -0.9150434212329841
-0.48444164206066787 0.13120037881301286 -0.8649293358632748
-0.2732665289126717 0.0 -0.9619383577839176
-0.35822879348657893 0.13165537135206462 -0.924304600611346
-0.4338885645526948 0.25989191300775444 -0.8626684804161862
0.0 0.0 -1.0
-0.0822424652793623 0.13307110414059134 -0.9876883405951378
-0.1379522421276337 0.0 -0.9904388819568619
-0.16245984811645317 0.26286555605956685 -0.9510565162951536
-0.2201170274732924 0.13279247682790246 -0.9663925974024391
-0.3750385674782097 0.38361373268504784 -0.8439114746223901
-0.2386769303195932 0.38618738558759214 -0.8910065241883679
-0.30125887909323207 0.2640827506590656 -0.9162441751912157
0.4033553486173644 0.0 -0.9150434212329841
0.35822879348657893 0.13165537135206462 -0.924304600611346
0.2732665289126717 0.0 -0.9619383577839176
0.2386769303195932 0.38618738558759214 -0.8910065241883679
0.16245984811645317 0.26286555605956685 -0.9510565162951536
0.30125887909323207 0.2640827506590656 -0.9162441751912157
0.1379522421276337 0.0 -0.9904388819568619
0.0822424652793623 0.13307110414059134 -0.9876883405951378
0.2201170274732924 0.13279247682790246 -0.9663925974024391
-0.08232358003196016 0.3996070517018512 -0.912982492932299
0.0 0.26640470113456743 -0.9638612634676226
0.08232358003196016 0.3996070517018512 -0.912982492932299
-0.48444164206066787 -0.13120037881301286 -0.8649293358632748
-0.4338885645526948 -0.25989191300775444 -0.8626684804161862
-0.35822879348657893 -0.13165537135206462 -0.924304600611346
-0.30901699437494745 -0.5000000000000001 -0.8090169943749475
-0.2386769303195932 -0.38618738558759214 -0.8910065241883679
-0.3750385674782097 -0.38361373268504784 -0.8439114746223901
-0.16245984811645317 -0.26286555605956685 -0.9510565162951536
-0.30125887909323207 -0.2640827506590656 -0.9162441751912157
-0.0822424652793623 -0.13307110414059134 -0.9876883405951378
-0.2201170274732924 -0.13279247682790246 -0.9663925974024391
0.0 -0.8506508083520399 -0.5257311121191336
0.08108629344330354 -0.7838430424199713 -0.6156420208736807
-0.08108629344330354 -0.7838430424199713 -0.6156420208736807
0.16062203564002314 -0.702046444776163 -0.6937804775604491
0.0 -0.7112817349622162 -0.7029070304877733
-0.16062203564002314 -0.702046444776163 -0.6937804775604491
0.30901699437494745 -0.5000000000000001 -0.8090169943749475
0.15643446504023087 -0.5192584897281836 -0.8401778853271388
0.23708632535057597 -0.6068251492718142 -0.7586523001632574
0.0 -0.5257311121191337 -0.8506508083520399
0.08114185161993964 -0.620239582613447 -0.7802043707101266
-0.23708632535057597 -0.6068251492718142 -0.7586523001632574
-0.15643446504023087 -0.5192584897281836 -0.8401778853271388
-0.08114185161993964 -0.620239582613447 -0.7802043707101266
0.48444164206066787 -0.13120037881301286 -0.8649293358632748
0.35822879348657893 -0.13165537135206462 -0.924304600611346
0.4338885645526948 -0.25989191300775444 -0.8626684804161862
0.0822424652793623 -0.13307110414059134 -0.9876883405951378
0.16245984811645317 -0.26286555605956685 -0.9510565162951536
0.2201170274732924 -0.13279247682790246 -0.9663925974024391
0.3750385674782097 -0.38361373268504784 -0.8439114746223901
0.2386769303195932 -0.38618738558759214 -0.8910065241883679
0.30125887909323207 -0.2640827506590656 -0.9162441751912157
-0.08232358003196016 -0.3996070517018512 -0.912982492932299
0.08232358003196016 -0.3996070517018512 -0.912982492932299
0.0 -0.26640470113456743 -0.9638612634676226
0.13120037881301286 -0.8649293358632748 -0.48444164206066787
0.25989191300775444 -0.8626684804161862 -0.4338885645526948
0.21302286564912978 -0.7926492292592814 -0.5712516591357086
0.5000000000000001 -0.8090169943749475 -0.30901699437494745
0.46842985086695443 -0.7579354200477765 -0.4539904997395468
0.38361373268504784 -0.8439114746223901 -0.3750385674782097
0.42532540417602005 -0.6881909602355868 -0.5877852522924731
0.34615301478899213 -0.7834516983633132 -0.5161216200510611
0.3717480344601845 -0.6015009550075457 -0.7071067811865475
0.2960045925777687 -0.7023098467433736 -0.647411893882224
0.7838430424199713 -0.6156420208736806 -0.08108629344330354
0.7926492292592815 -0.5712516591357087 -0.21302286564912976
0.7020464447761631 -0.6937804775604492 -0.16062203564002317
0.7579354200477765 -0.4539904997395468 -0.46842985086695443
0.6881909602355867 -0.5877852522924731 -0.42532540417602
0.7834516983633132 -0.5161216200510611 -0.3461530147889921
0.6068251492718142 -0.7586523001632574 -0.23708632535057597
0.6015009550075456 -0.7071067811865475 -0.37174803446018445
0.7023098467433736 -0.6474118938822241 -0.2960045925777687
0.5712516591357086 -0.21302286564912978 -0.7926492292592814
0.4539904997395468 -0.46842985086695443 -0.7579354200477765
0.5877852522924731 -0.42532540417602 -0.6881909602355867
0.5161216200510611 -0.3461530147889921 -0.7834516983633132
0.7071067811865475 -0.37174803446018445 -0.6015009550075456
0.6474118938822241 -0.2960045925777687 -0.7023098467433736
0.5642542117657715 -0.6465777917977317 -0.5133754412304479
0.6465777917977317 -0.513375441230448 -0.5642542117657715
0.513375441230448 -0.5642542117657715 -0.6465777917977317
0.0 -0.9150434212329841 -0.4033553486173644
0.0 -0.9619383577839176 -0.2732665289126717
0.13165537135206462 -0.924304600611346 -0.35822879348657893
0.0 -1.0 0.0
0.13307110414059134 -0.9876883405951378 -0.0822424652793623
0.0 -0.9904388819568619 -0.1379522421276337
0.26286555605956685 -0.9510565162951536 -0.16245984811645317
0.13279247682790246 -0.9663925974024391 -0.2201170274732924
0.38618738558759214 -0.8910065241883679 -0.2386769303195932
0.2640827506590656 -0.9162441751912157 -0.30125887909323207
0.0 -0.8506508083520399 0.5257311121191336
0.13120037881301286 -0.8649293358632748 0.48444164206066787
0.0 -0.9150434212329841 0.4033553486173644
0.25989191300775444 -0.8626684804161862 0.4338885645526948
0.13165537135206462 -0.924304600611346 0.35822879348657893
0.0 -0.9619383577839176 0.2732665289126717
0.5000000000000001 -0.8090169943749475 0.30901699437494745
0.38618738558759214 -0.8910065241883679 0.2386769303195932
0.38361373268504784 -0.8439114746223901 0.3750385674782097
0.26286555605956685 -0.9510565162951536 0.16245984811645317
0.2640827506590656 -0.9162441751912157 0.30125887909323207
0.0 -0.9904388819568619 0.1379522421276337
0.13307110414059134 -0.9876883405951378 0.0822424652793623
0.13279247682790246 -0.9663925974024391 0.2201170274732924
0.7838430424199713 -0.6156420208736806 0.08108629344330354
0.7112817349622162 -0.7029070304877733 0.0
0.7020464447761631 -0.6937804775604492 0.16062203564002317
0.5192584897281836 -0.8401778853271388 -0.15643446504023087
0.5257311121191337 -0.8506508083520399 0.0
0.620239582613447 -0.7802043707101266 -0.08114185161993966
0.6068251492718142 -0.7586523001632574 0.23708632535057597
0.5192584897281836 -0.8401778853271388 0.15643446504023087
0.620239582613447 -0.7802043707101266 0.08114185161993966
0.26640470113456743 -0.9638612634676226 0.0
0.3996070517018512 -0.912982492932299 0.08232358003196016
0.3996070517018512 -0.912982492932299 -0.08232358003196016
-0.13120037881301286 -0.8649293358632748 -0.48444164206066787
-0.25989191300775444 -0.8626684804161862 -0.4338885645526948
-0.13165537135206462 -0.924304600611346 -0.35822879348657893
-0.5000000000000001 -0.8090169943749475 -0.30901699437494745
-0.38618738558759214 -0.8910065241883679 -0.2386769303195932
-0.38361373268504784 -0.8439114746223901 -0.3750385674782097
-0.26286555605956685 -0.9510565162951536 -0.16245984811645317
-0.2640827506590656 -0.9162441751912157 -0.30125887909323207
-0.13307110414059134 -0.9876883405951378 -0.0822424652793623
-0.13279247682790246 -0.9663925974024391 -0.2201170274732924
-0.8506508083520399 -0.5257311121191336 0.0
-0.7838430424199713 -0.6156420208736806 0.08108629344330354
-0.7838430424199713 -0.6156420208736806 -0.08108629344330354
-0.7020464447761631 -0.6937804775604492 0.16062203564002317
-0.7112817349622162 -0.7029070304877733 0.0
-0.7020464447761631 -0.6937804775604492 -0.16062203564002317
-0.5000000000000001 -0.8090169943749475 0.30901699437494745
-0.5192584897281836 -0.8401778853271388 0.15643446504023087
-0.6068251492718142 -0.7586523001632574 0.23708632535057597
-0.5257311121191337 -0.8506508083520399 0.0
-0.620239582613447 -0.7802043707101266 0.08114185161993966
-0.6068251492718142 -0.7586523001632574 -0.23708632535057597
-0.5192584897281836 -0.8401778853271388 -0.15643446504023087
-0.620239582613447 -0.7802043707101266 -0.08114185161993966
-0.13120037881301286 -0.8649293358632748 0.48444164206066787
-0.13165537135206462 -0.924304600611346 0.35822879348657893
-0.25989191300775444 -0.8626684804161862 0.4338885645526948
-0.13307110414059134 -0.9876883405951378 0.0822424652793623
-0.26286555605956685 -0.9510565162951536 0.16245984811645317
-0.13279247682790246 -0.9663925974024391 0.2201170274732924
-0.38361373268504784 -0.8439114746223901 0.3750385674782097
-0.38618738558759214 -0.8910065241883679 0.2386769303195932
-0.2640827506590656 -0.9162441751912157 0.30125887909323207
-0.3996070517018512 -0.912982492932299 -0.08232358003196016
-0.3996070517018512 -0.912982492932299 0.08232358003196016
-0.26640470113456743 -0.9638612634676226 0.0
-0.8649293358632748 -0.48444164206066787 0.13120037881301286
-0.8626684804161862 -0.4338885645526948 0.25989191300775444
-0.7926492292592815 -0.5712516591357087 0.21302286564912976
-0.8090169943749475 -0.30901699437494745 0.5000000000000001
-0.7579354200477765 -0.4539904997395468 0.46842985086695443
-0.8439114746223901 -0.3750385674782097 0.38361373268504784
-0.6881909602355867 -0.5877852522924731 0.42532540417602
-0.7834516983633132 -0.5161216200510611 0.3461530147889921
-0.6015009550075456 -0.7071067811865475 0.37174803446018445
-0.7023098467433736 -0.6474118938822241 0.2960045925777687
-0.48444164206066787 -0.13120037881301286 0.8649293358632748
-0.6156420208736807 -0.08108629344330354 0.7838430424199713
-0.4338885645526948 -0.25989191300775444 0.8626684804161862
-0.5712516591357086 -0.21302286564912978 0.7926492292592814
-0.6937804775604491 -0.16062203564002314 0.702046444776163
-0.30901699437494745 -0.5000000000000001 0.8090169943749475
-0.4539904997395468 -0.46842985086695443 0.7579354200477765
-0.3750385674782097 -0.38361373268504784 0.8439114746223901
-0.5877852522924731 -0.42532540417602 0.6881909602355867
-0.5161216200510611 -0.3461530147889921 0.7834516983633132
-0.7586523001632574 -0.23708632535057597 0.6068251492718142
-0.7071067811865475 -0.37174803446018445 0.6015009550075456
-0.6474118938822241 -0.2960045925777687 0.7023098467433736
-0.08108629344330354 -0.7838430424199713 0.6156420208736807
-0.21302286564912978 -0.7926492292592814 0.5712516591357086
-0.16062203564002314 -0.702046444776163 0.6937804775604491
-0.46842985086695443 -0.7579354200477765 0.4539904997395468
-0.42532540417602005 -0.6881909602355868 0.5877852522924731
-0.34615301478899213 -0.7834516983633132 0.5161216200510611
-0.23708632535057597 -0.6068251492718142 0.7586523001632574
-0.3717480344601845 -0.6015009550075457 0.7071067811865475
-0.2960045925777687 -0.7023098467433736 0.647411893882224
-0.6465777917977317 -0.513375441230448 0.5642542117657715
-0.513375441230448 -0.5642542117657715 0.6465777917977317
-0.5642542117657715 -0.6465777917977317 0.5133754412304479
-0.35822879348657893 -0.13165537135206462 0.924304600611346
-0.0822424652793623 -0.13307110414059134 0.9876883405951378
-0.16245984811645317 -0.26286555605956685 0.9510565162951536
-0.2201170274732924 -0.13279247682790246 0.9663925974024391
-0.2386769303195932 -0.38618738558759214 0.8910065241883679
-0.30125887909323207 -0.2640827506590656 0.9162441751912157
0.48444164206066787 -0.13120037881301286 0.8649293358632748
0.4338885645526948 -0.25989191300775444 0.8626684804161862
0.35822879348657893 -0.13165537135206462 0.924304600611346
0.30901699437494745 -0.5000000000000001 0.8090169943749475
0.2386769303195932 -0.38618738558759214 0.8910065241883679
0.3750385674782097 -0.38361373268504784 0.8439114746223901
0.16245984811645317 -0.26286555605956685 0.9510565162951536
0.30125887909323207 -0.2640827506590656 0.9162441751912157
0.0822424652793623 -0.13307110414059134 0.9876883405951378
0.2201170274732924 -0.13279247682790246 0.9663925974024391
0.08108629344330354 -0.7838430424199713 0.6156420208736807
0.0 -0.7112817349622162 0.7029070304877733
0.16062203564002314 -0.702046444776163 0.6937804775604491
-0.15643446504023087 -0.5192584897281836 0.8401778853271388
0.0 -0.5257311121191337 0.8506508083520399
-0.08114185161993964 -0.620239582613447 0.7802043707101266
0.23708632535057597 -0.6068251492718142 0.7586523001632574
0.15643446504023087 -0.5192584897281836 0.8401778853271388
0.08114185161993964 -0.620239582613447 0.7802043707101266
0.0 -0.26640470113456743 0.9638612634676226
0.08232358003196016 -0.3996070517018512 0.912982492932299
-0.08232358003196016 -0.3996070517018512 0.912982492932299
0.21302286564912978 -0.7926492292592814 0.5712516591357086
0.3717480344601845 -0.6015009550075457 0.7071067811865475
0.42532540417602005 -0.6881909602355868 0.5877852522924731
0.2960045925777687 -0.7023098467433736 0.647411893882224
0.46842985086695443 -0.7579354200477765 0.4539904997395468
0.34615301478899213 -0.7834516983633132 0.5161216200510611
0.5712516591357086 -0.21302286564912978 0.7926492292592814
0.7071067811865475 -0.37174803446018445 0.6015009550075456
0.5877852522924731 -0.42532540417602 0.6881909602355867
0.6474118938822241 -0.2960045925777687 0.7023098467433736
0.4539904997395468 -0.46842985086695443 0.7579354200477765
0.5161216200510611 -0.3461530147889921 0.7834516983633132
0.7926492292592815 -0.5712516591357087 0.21302286564912976
0.6015009550075456 -0.7071067811865475 0.37174803446018445
0.6881909602355867 -0.5877852522924731 0.42532540417602
0.7023098467433736 -0.6474118938822241 0.2960045925777687
0.7579354200477765 -0.4539904997395468 0.46842985086695443
0.7834516983633132 -0.5161216200510611 0.3461530147889921
0.513375441230448 -0.5642542117657715 0.6465777917977317
0.6465777917977317 -0.513375441230448 0.5642542117657715
0.5642542117657715 -0.6465777917977317 0.5133754412304479
-0.9150434212329841 0.4033553486173644 0.0
-0.924304600611346 0.35822879348657893 0.13165537135206462
-0.9619383577839176 0.2732665289126717 0.0
-0.8910065241883679 0.2386769303195932 0.38618738558759214
-0.9510565162951536 0.16245984811645317 0.26286555605956685
-0.9162441751912157 0.30125887909323207 0.2640827506590656
-1.0 0.0 0.0
-0.9904388819568619 0.1379522421276337 0.0
-0.9876883405951378 0.0822424652793623 0.13307110414059134
-0.9663925974024391 0.2201170274732924 0.13279247682790246
-0.7029070304877733 0.0 0.7112817349622162
-0.8401778853271388 -0.15643446504023087 0.5192584897281836
-0.8506508083520399 0.0 0.5257311121191337
-0.7802043707101266 -0.08114185161993964 0.620239582613447
-0.8401778853271388 0.15643446504023087 0.5192584897281836
-0.7802043707101266 0.08114185161993964 0.620239582613447
-0.9150434212329841 -0.4033553486173644 0.0
-0.9619383577839176 -0.2732665289126717 0.0
-0.924304600611346 -0.35822879348657893 0.13165537135206462
-0.9876883405951378 -0.0822424652793623 0.13307110414059134
-0.9904388819568619 -0.1379522421276337 0.0
-0.9510565162951536 -0.16245984811645317 0.26286555605956685
-0.9663925974024391 -0.2201170274732924 0.13279247682790246
-0.8910065241883679 -0.2386769303195932 0.38618738558759214
-0.9162441751912157 -0.30125887909323207 0.2640827506590656
-0.912982492932299 0.08232358003196016 0.3996070517018512
-0.912982492932299 -0.08232358003196016 0.3996070517018512
-0.9638612634676226 0.0 0.26640470113456743
-0.8649293358632748 0.48444164206066787 -0.13120037881301286
-0.924304600611346 0.35822879348657893 -0.13165537135206462
-0.8626684804161862 0.4338885645526948 -0.25989191300775444
-0.9876883405951378 0.0822424652793623 -0.13307110414059134
-0.9510565162951536 0.16245984811645317 -0.26286555605956685
-0.9663925974024391 0.2201170274732924 -0.13279247682790246
-0.8090169943749475 0.30901699437494745 -0.5000000000000001
-0.8439114746223901 0.3750385674782097 -0.38361373268504784
-0.8910065241883679 0.2386769303195932 -0.38618738558759214
-0.9162441751912157 0.30125887909323207 -0.2640827506590656
-0.8649293358632748 -0.48444164206066787 -0.13120037881301286
-0.8626684804161862 -0.4338885645526948 -0.25989191300775444
-0.924304600611346 -0.35822879348657893 -0.13165537135206462
-0.8090169943749475 -0.30901699437494745 -0.5000000000000001
-0.8910065241883679 -0.2386769303195932 -0.38618738558759214
-0.8439114746223901 -0.3750385674782097 -0.38361373268504784
-0.9510565162951536 -0.16245984811645317 -0.26286555605956685
-0.9162441751912157 -0.30125887909323207 -0.2640827506590656
-0.9876883405951378 -0.0822424652793623 -0.13307110414059134
-0.9663925974024391 -0.2201170274732924 -0.13279247682790246
-0.6156420208736807 0.08108629344330354 -0.7838430424199713
-0.6156420208736807 -0.08108629344330354 -0.7838430424199713
-0.6937804775604491 0.16062203564002314 -0.702046444776163
-0.7029070304877733 0.0 -0.7112817349622162
-0.6937804775604491 -0.16062203564002314 -0.702046444776163
-0.8401778853271388 0.15643446504023087 -0.5192584897281836
-0.7586523001632574 0.23708632535057597 -0.6068251492718142
-0.8506508083520399 0.0 -0.5257311121191337
-0.7802043707101266 0.08114185161993964 -0.620239582613447
-0.7586523001632574 -0.23708632535057597 -0.6068251492718142
-0.8401778853271388 -0.15643446504023087 -0.5192584897281836
-0.7802043707101266 -0.08114185161993964 -0.620239582613447
-0.9638612634676226 0.0 -0.26640470113456743
-0.912982492932299 -0.08232358003196016 -0.3996070517018512
-0.912982492932299 0.08232358003196016 -0.3996070517018512
-0.7926492292592815 0.5712516591357087 -0.21302286564912976
-0.7579354200477765 0.4539904997395468 -0.46842985086695443
-0.6881909602355867 0.5877852522924731 -0.42532540417602
-0.7834516983633132 0.5161216200510611 -0.3461530147889921
-0.6015009550075456 0.7071067811865475 -0.37174803446018445
-0.7023098467433736 0.6474118938822241 -0.2960045925777687
-0.5712516591357086 0.21302286564912978 -0.7926492292592814
-0.4539904997395468 0.46842985086695443 -0.7579354200477765
-0.5877852522924731 0.42532540417602 -0.6881909602355867
-0.5161216200510611 0.3461530147889921 -0.7834516983633132
-0.7071067811865475 0.37174803446018445 -0.6015009550075456
-0.6474118938822241 0.2960045925777687 -0.7023098467433736
-0.21302286564912978 0.7926492292592814 -0.5712516591357086
-0.46842985086695443 0.7579354200477765 -0.4539904997395468
-0.42532540417602005 0.6881909602355868 -0.5877852522924731
-0.34615301478899213 0.7834516983633132 -0.5161216200510611
-0.3717480344601845 0.6015009550075457 -0.7071067811865475
-0.2960045925777687 0.7023098467433736 -0.647411893882224
-0.6465777917977317 0.513375441230448 -0.5642542117657715
-0.513375441230448 0.5642542117657715 -0.6465777917977317
-0.5642542117657715 0.6465777917977317 -0.5133754412304479
-0.21302286564912978 -0.7926492292592814 -0.5712516591357086
-0.3717480344601845 -0.6015009550075457 -0.7071067811865475
-0.42532540417602005 -0.6881909602355868 -0.5877852522924731
-0.2960045925777687 -0.7023098467433736 -0.647411893882224
-0.46842985086695443 -0.7579354200477765 -0.4539904997395468
-0.34615301478899213 -0.7834516983633132 -0.5161216200510611
-0.5712516591357086 -0.21302286564912978 -0.7926492292592814
-0.7071067811865475 -0.37174803446018445 -0.6015009550075456
-0.5877852522924731 -0.42532540417602 -0.6881909602355867
-0.6474118938822241 -0.2960045925777687 -0.7023098467433736
-0.4539904997395468 -0.46842985086695443 -0.7579354200477765
-0.5161216200510611 -0.3461530147889921 -0.7834516983633132
-0.7926492292592815 -0.5712516591357087 -0.21302286564912976
-0.6015009550075456 -0.7071067811865475 -0.37174803446018445
-0.6881909602355867 -0.5877852522924731 -0.42532540417602
-0.7023098467433736 -0.6474118938822241 -0.2960045925777687
-0.7579354200477765 -0.4539904997395468 -0.46842985086695443
-0.7834516983633132 -0.5161216200510611 -0.3461530147889921
-0.513375441230448 -0.5642542117657715 -0.6465777917977317
-0.6465777917977317 -0.513375441230448 -0.5642542117657715
-0.5642542117657715 -0.6465777917977317 -0.5133754412304479
